chrom	s1	s2	s3	s4	s5	s6	s7	s8	s9	s10	s11	s12	s13	s14	s15	s16	s17	s18	s19	s20	s21	s22	s23	s24	s25	s26	s27	s28	s29	s30	s31	s32	s33	s34	s35	s36	s37	s38	s39	s40	s41	s42	s43	s44	s45	s46	s47	s48	s49	s50	s51	s52	s53	s54	s55	s56	s57	s58	s59	s60	s61	s62	s63	s64	s65	s66	s67	s68	s69	s70	s71	s72	s73	s74	s75	s76	s77	s78	s79	s80	s81	s82	s83	s84	s85	s86	s87	s88	s89	s90	s91	s92	s93	s94	s95	s96	s97	s98	s99	s100
NC_000001.11	24921	14966	12116	9862	8852	8126	7342	6832	6695	6375	6195	6093	5837	5782	5779	5633	5662	5609	5413	5381	5489	5655	5408	5618	5574	5392	5667	5623	5571	5687	5729	5920	5868	5958	6056	6200	6257	6525	6555	6684	6682	6968	7112	7489	7454	7724	7763	8150	8583	9397	9039	9225	9348	9801	9876	10331	10611	10914	11442	11730	12187	12581	13162	13783	14254	14630	15412	16048	16824	17763	18585	19572	20628	21697	23219	24957	26362	28154	30292	32226	34761	38214	40776	45249	49702	54312	60319	67095	75982	85724	98624	113604	132672	157950	192628	237611	304569	403596	563177	791517
NC_000002.12	15034	9808	7843	6757	6006	5462	5200	4885	4746	4566	4486	4441	4366	4233	4080	4147	4105	4050	4070	4032	4222	4125	4224	4187	4181	4187	4225	4356	4436	4458	4425	4369	4535	4626	4674	4723	4941	5057	5070	5300	5334	5495	5547	5754	5904	6194	6487	6719	7166	7857	7509	7589	7784	8060	8207	8614	8761	9247	9629	9840	10365	10864	11268	11492	12235	12593	13466	13861	14713	15336	16403	17044	17911	19135	20354	21837	23336	24949	26743	29234	31900	34613	38061	41852	46431	51615	57647	65489	74693	86541	99232	116739	137176	165597	202264	250580	317398	410397	551605	713381
NC_000003.12	9729	6117	4883	4157	3604	3314	3101	2883	2794	2795	2624	2530	2534	2639	2434	2454	2455	2358	2293	2307	2327	2364	2413	2466	2415	2393	2468	2481	2516	2506	2562	2495	2552	2616	2646	2729	2773	2775	2902	2942	2912	3000	3131	3206	3279	3340	3508	3581	3864	4589	4212	4306	4298	4518	4419	4753	4871	4965	5115	5263	5640	5666	5936	6151	6306	6675	7120	7292	7662	8089	8421	8798	9337	9639	10539	11182	11975	12836	13864	14994	16248	18258	19644	21569	24034	26821	30456	34363	39449	45503	53961	64481	79493	98654	127315	167546	232418	340204	523392	827143
NC_000004.12	11161	7040	5709	5072	4405	4112	3760	3614	3538	3467	3368	3250	3330	3048	3243	3161	3135	3092	3070	2966	2991	3099	3048	3024	3077	3058	3026	3095	3255	3307	3208	3175	3397	3421	3306	3465	3579	3596	3557	3797	3723	3948	3906	4103	4199	4470	4578	4823	5211	5614	5430	5538	5506	5723	5790	5971	6361	6378	6765	6899	7013	7475	7574	7961	8293	8767	9306	9699	10163	10815	11382	11858	12710	13306	14317	15308	16425	17395	18925	20296	21762	23979	26141	28852	31476	35039	39103	44709	50692	57845	67182	78275	93104	110966	137135	171993	223000	297532	394173	448210
NC_000005.10	14501	8891	6803	5729	5086	4423	4175	4007	3696	3687	3425	3467	3327	3322	3207	3166	3089	3080	2963	2980	3006	2941	3001	2846	2832	2761	2852	2934	2949	2924	2884	2934	2915	3084	3031	3136	3090	3238	3371	3420	3412	3474	3551	3657	3745	3674	3902	4055	4411	4881	4696	4864	4891	5169	5292	5403	5508	5608	5965	6072	6496	6598	6897	7122	7616	7821	8254	8704	9115	9292	10175	10648	11350	12127	12670	13646	14656	15920	17080	18354	20194	22372	24760	27592	30519	33784	37934	43398	49432	57513	66294	78268	93622	112378	137987	171646	218080	287328	396115	545010
NC_000006.12	11351	7250	5814	4730	4568	3982	3684	3443	3328	3221	3342	3251	3076	3041	3066	2991	3118	3071	3113	3064	2985	3064	2908	3120	3101	3019	3001	3051	3042	3159	3180	3231	3358	3364	3544	3515	3700	3686	3714	3911	3956	4074	4208	4383	4357	4623	4743	5019	5301	5489	5509	5729	5718	5944	6199	6395	6546	6837	7306	7451	7775	8238	8456	8867	9357	9889	10317	10950	11541	12433	13210	14121	15016	16038	17032	18527	19826	21816	23407	25243	27315	30221	32820	36168	40137	44602	50286	55766	63099	71103	80566	94064	109025	127535	150653	179196	215127	255763	290081	282730
NC_000007.14	17634	10982	8289	6795	5974	5509	4870	4770	4548	4220	4158	4062	3797	3724	3670	3636	3718	3401	3509	3432	3355	3389	3177	3193	3194	3166	3157	3228	3269	3267	3248	3206	3238	3297	3383	3539	3418	3528	3467	3607	3701	3764	3774	3905	4021	3995	4153	4314	4785	5127	4721	4890	5040	5270	5257	5538	5690	5719	5976	6212	6377	6441	6746	6912	7267	7658	8069	8353	8485	8933	9402	9840	10452	10836	11332	11985	12897	13823	14489	15546	16797	17916	19297	20977	23104	25801	28538	32111	36513	41663	48688	57622	69024	85114	107511	141201	194370	287054	468356	840567
NC_000008.11	16583	10260	7532	6431	5565	4805	4552	4261	3972	3716	3573	3454	3383	3317	3148	3147	3017	3045	3000	3014	2976	2991	2909	2948	3044	2913	2960	3011	2977	3125	3079	3154	3231	3162	3317	3319	3274	3430	3510	3588	3639	3896	3955	3963	4151	4113	4397	4517	4725	5172	5218	5186	5235	5571	5767	5911	6156	6250	6766	6827	7136	7460	7768	8046	8415	8601	9168	9676	10016	10482	11255	11577	12208	13073	13588	14445	15471	16440	17219	18189	19268	20676	22057	23308	25125	26936	28813	30794	33116	35440	38962	42761	47038	53200	61352	74623	98036	148537	285894	730435
NC_000009.12	16379	10162	7355	6215	5373	4856	4436	4215	3944	3757	3619	3522	3486	3387	3241	3288	3170	3189	3138	3066	3078	3045	3112	3113	3163	3214	3076	3225	3183	3235	3140	3235	3298	3314	3342	3318	3356	3438	3514	3589	3648	3730	3796	3887	3930	4019	4112	4364	4408	4885	4658	4832	4975	5123	5216	5150	5413	5614	5765	6038	6233	6333	6559	6993	7180	7648	7771	8103	8723	9115	9543	10153	10594	11294	11967	12545	13462	14647	15723	16772	18217	19821	21374	23474	25846	28617	32129	36148	40515	46164	53000	61904	72483	86756	105551	131223	166306	217594	289799	398102
NC_000010.11	17152	7592	5881	5035	4682	4350	3906	3698	3604	3452	3335	3432	3287	3469	3392	4085	3693	3179	3087	3240	3080	3268	3173	3076	3273	3249	3280	3369	3372	3551	3639	3551	3573	3619	3816	3988	3948	4097	4144	4439	4405	4657	4694	4804	5018	5444	5534	5666	6039	6319	6393	6559	6552	6907	6969	7287	7428	7882	8127	8430	8811	9290	9771	10078	10455	11057	11459	12344	12922	13706	14394	15324	16314	17486	18547	19781	21105	23079	24910	26715	28808	31896	34107	38033	41589	45922	50763	56556	63706	71041	80785	92217	106232	122415	142336	166314	196831	226634	243996	214244
NC_000011.10	14035	9331	7433	6449	5747	5267	5061	4737	4466	4328	4173	4179	3924	3874	3636	3880	3590	3777	3819	3857	3817	3873	3590	3632	3597	3439	3559	3557	3592	3720	3719	3737	3613	3787	3765	3757	3797	3746	3855	3854	3956	3973	4083	4214	4284	4403	4556	4801	4832	5393	5041	5297	5310	5497	5565	5913	6038	6181	6233	6606	6717	7070	7143	7466	7800	8186	8451	9000	9100	9588	10029	10425	11343	11926	12332	13271	13987	14852	16069	17070	18574	20073	21726	23836	26153	28562	31883	35744	40041	45658	52585	61423	72246	86108	105240	132530	172478	231702	329779	483533
NC_000012.12	12340	8493	6497	5669	4690	4152	3852	3738	3495	3333	3211	3151	3061	2885	2870	2858	2808	2866	2793	2745	2710	2847	2751	2755	2815	2703	2870	2897	2841	2827	2974	2954	3016	3011	3020	3026	3108	3307	3280	3329	3448	3462	3487	3564	3745	3772	3963	4161	4214	4677	4557	4612	4687	4805	4995	5128	5275	5590	5579	5744	6058	6255	6289	6505	6690	7130	7320	7743	8155	8525	9046	9366	9877	10486	11116	11744	12721	13621	14833	15677	17253	18540	20207	22610	24750	27224	30466	34281	39369	44590	52370	61070	73187	89014	110552	139189	183082	249333	351983	473107
NC_000013.11	8845	5278	4150	3570	3154	2943	2695	2594	2387	2272	2178	2086	2084	2082	1991	2026	2051	2062	2054	2117	2082	2074	2092	2120	2257	2320	2310	2379	2415	2439	2468	2502	2551	2637	2794	2776	2889	2975	3138	3154	3394	3484	3556	3729	3840	4052	4167	4393	4471	4690	4896	5015	5351	5363	5676	5997	6262	6467	7078	7301	7695	8099	8583	9047	9767	10062	10984	11564	12382	13445	14230	15286	16238	17534	18599	20336	21608	23377	25025	27187	29166	31879	34180	37296	40800	43880	47627	51703	55620	60253	64678	68980	73221	76569	77619	75994	70840	60567	44203	22773
NC_000014.9	8878	5412	4134	3387	2943	2651	2583	2349	2088	2014	2003	1921	1913	1801	1855	1749	1742	1810	1718	1709	1754	1683	1748	1778	1665	1653	1609	1759	1711	1691	1791	1800	1819	1797	1862	1889	2012	2052	2060	2046	2098	2175	2245	2207	2316	2391	2475	2602	2615	3093	2938	3005	2963	3005	3120	3201	3294	3467	3632	3602	3926	4018	4140	4381	4432	4597	4682	5135	5331	5557	5718	6236	6504	6719	7356	7784	8191	8733	9518	10404	10936	12143	13023	14498	15604	17295	19226	21945	24450	28295	32931	38939	46789	57002	71232	90258	119016	164348	234668	312587
NC_000015.10	14196	7992	6070	4777	4345	3862	3606	3244	3099	2976	2890	2833	2741	2707	2540	2584	2467	2560	2467	2446	2359	2453	2513	2433	2435	2333	2349	2442	2398	2498	2425	2541	2629	2685	2588	2635	2819	2918	2924	2886	2965	3055	3086	3210	3375	3381	3401	3594	3740	3967	3844	4064	4132	4384	4406	4669	4792	4988	5125	5271	5402	5710	5959	6246	6664	6911	7291	7639	8091	8446	9088	9357	10330	10572	11421	12182	13270	14059	15084	16529	17622	19245	21181	23096	25187	28010	30931	34498	38556	42978	48683	55140	62447	71163	81580	93819	107688	121311	129844	112540
NC_000016.10	15825	9790	7360	6232	5435	5068	4677	4608	4214	4072	4217	3935	3688	3847	3866	3729	3742	3823	3885	3761	3753	3736	3848	4067	3918	4036	4160	4176	4399	4414	4410	4456	4768	4785	4884	5154	5091	5317	5453	5624	5781	5910	6121	6221	6606	6718	6954	7247	7427	7869	7895	8332	8621	8934	9174	9430	9845	9923	10522	10899	11350	11753	12277	12796	13322	13861	14622	15215	15702	16573	17374	18140	19025	20094	20990	21908	22738	24049	25262	26819	27874	29691	31482	33412	35087	37197	39188	41532	44195	46816	50045	53828	57769	62890	69398	77589	89969	108424	141982	202885
NC_000017.11	14061	8849	6783	5762	5144	4603	4353	4174	3797	3765	3579	3378	3378	3379	3318	3343	3388	3327	3463	3314	3317	3304	3364	3437	3383	3520	3581	3554	3605	3642	3664	3725	3816	3752	4069	4092	4177	4137	4285	4442	4490	4556	4620	4758	4899	5025	5130	5395	5392	5650	5620	5856	6055	6222	6546	6625	6894	7401	7221	7830	7863	8201	8547	9108	9478	9963	10610	10994	11454	12048	12811	13581	14077	14752	15622	16795	17462	18655	19565	20983	22404	23518	25637	27322	29721	32080	34738	37811	40894	45598	50121	56181	63290	72794	84963	100975	124296	159600	215446	302301
NC_000018.10	13618	7242	5146	4211	3548	3257	2889	2577	2589	2384	2252	2090	1973	2009	2022	1959	1918	1787	1940	1861	1848	1928	1918	1820	1916	1987	1976	1983	2035	2004	2077	2030	2182	2220	2202	2265	2239	2354	2315	2522	2529	2518	2587	2608	2877	2938	3035	3201	3236	3408	3488	3611	3581	3731	3908	3883	4182	4366	4569	4714	4919	5164	5344	5576	5811	6289	6435	7016	7164	7547	7948	8571	9210	9634	10356	11257	11744	12664	13710	14617	15867	17553	18996	21119	23193	25645	27981	31378	35516	39506	44255	50045	57002	64791	73593	82501	92232	100457	99759	77893
NC_000019.10	17880	11157	8591	7161	6534	6036	5548	5379	5006	4907	4656	4542	4462	4465	4496	4186	4324	4310	4294	4197	4133	4216	4267	4269	4309	4191	4292	4334	4348	4420	4368	4621	4480	4639	4692	4676	4813	4705	5023	4985	5080	5444	5275	5501	5614	5773	5941	6079	6050	6540	6550	6811	6879	7123	7409	7518	7786	7729	7961	8491	8871	8993	9292	9629	9802	10398	10640	11228	11707	12146	12754	13042	13786	14386	15145	15876	16971	17657	18607	20164	21364	22703	24523	26020	28125	30426	33099	36145	40601	44805	49702	56316	64173	74090	85855	101466	119957	145687	177592	206306
NC_000020.11	8256	5083	3777	3148	2783	2506	2353	2134	2057	1993	1998	1875	1811	1837	1752	1793	1686	1664	1764	1749	1641	1714	1781	1711	1726	1736	1778	1658	1842	1814	1751	1691	1793	1780	1917	1872	1908	1969	2019	2081	1997	2051	2087	2112	2224	2187	2307	2418	2497	2531	2536	2683	2844	2878	3013	3044	3054	3292	3409	3525	3592	3706	3881	4026	4319	4508	4706	4805	4943	5430	5528	5831	6221	6652	6986	7461	7935	8471	9246	9996	10757	11524	12567	14082	15597	17302	19273	21573	24530	28370	32587	37926	45263	54725	67254	84963	110352	147977	199439	243171
NC_000021.9	9277	5424	4106	3369	2806	2533	2345	2072	2001	1777	1670	1720	1552	1560	1473	1443	1351	1392	1358	1367	1387	1349	1292	1348	1338	1374	1373	1319	1323	1255	1333	1312	1270	1244	1271	1312	1286	1338	1313	1352	1325	1351	1479	1400	1538	1543	1582	1653	1686	1747	1720	1859	1858	1969	1892	1994	2075	2057	2078	2158	2268	2383	2439	2500	2659	2744	2927	3119	3195	3457	3618	3712	3985	4315	4551	4810	5236	5698	6046	6412	6911	7688	8498	9053	9949	11104	12144	13677	15453	17171	19312	22279	25409	30043	36412	45709	59726	77171	75189	67813
NC_000022.11	12400	7946	6063	5226	4572	4152	3827	3587	3339	3230	3050	2856	2876	2877	2780	2690	2675	2634	2695	2652	2768	2704	2695	2752	2759	2781	2673	2850	2834	2831	2885	2885	3021	2984	3110	3123	3386	3373	3377	3502	3464	3755	3826	3756	4000	4026	4264	4222	4441	4562	4651	4952	4900	5029	5175	5388	5719	5809	5907	6292	6360	6642	6952	7226	7687	8067	8406	8656	9258	9653	9997	10709	11343	11744	12413	12998	13822	14816	15546	16476	17589	18703	20068	21394	22901	24434	26166	27968	30295	32383	34972	37259	39812	42636	45548	47481	49589	49730	48302	46445
NC_000023.11	15730	10735	8583	7544	7251	7058	6738	6609	6692	6573	6696	6615	6759	7016	7155	7380	7315	7799	7726	7917	8245	8686	8655	8998	9384	9930	10238	10553	11196	11642	12079	12538	13122	13694	14318	14975	15231	16093	16851	17511	18400	19243	20283	20734	21675	22537	23416	24694	25129	25959	27083	28054	29194	29930	30914	32318	33387	34236	34931	35963	37201	37710	38257	39203	40104	40976	41630	42312	42593	42978	43951	44266	44543	44529	45381	45254	45267	45228	44611	43731	43444	42677	41091	40458	38664	37027	34594	32301	29786	26837	24238	21183	17844	14671	11833	9073	6353	4144	2177	1061
NC_000024.10	3650	2645	2164	1979	1952	1856	1728	1765	1725	1818	1758	1876	1884	1948	1994	2014	2001	2112	2145	2214	2266	2295	2443	2476	2596	2590	2618	2794	2934	2944	2982	3180	3188	3223	3359	3347	3539	3441	3553	3676	3710	3776	3776	3809	3726	3834	3986	3916	3967	3920	4027	3879	3844	3953	3799	3891	3802	3755	3687	3711	3539	3323	3288	3177	3069	2841	2671	2523	2332	2189	2065	1875	1645	1470	1349	1123	966	843	692	616	565	527	478	461	434	431	370	366	332	278	264	271	243	291	294	332	353	372	374	737
